   1.0000000e+02   6.7762636e-21   9.3173624e-21   0.0000000e+00   0.0000000e+00   0.0000000e+00   0.0000000e+00
   3.2814652e+02   3.7286722e-05   7.7068405e-06   0.0000000e+00   0.0000000e+00   0.0000000e+00   0.0000000e+00
   4.9972204e+02   2.5815350e-05   1.1665084e-05   0.0000000e+00   0.0000000e+00   0.0000000e+00   0.0000000e+00
   6.4887881e+02   2.1873987e-05  -1.4661902e-05   0.0000000e+00   0.0000000e+00   0.0000000e+00   0.0000000e+00
   7.8454986e+02   1.9443471e-05  -1.0297668e-05   0.0000000e+00   0.0000000e+00   0.0000000e+00   0.0000000e+00
   9.1081742e+02   1.7750430e-05  -7.3275847e-07   0.0000000e+00   0.0000000e+00   0.0000000e+00   0.0000000e+00
   1.0299835e+03   1.6480392e-05   6.8757604e-06   0.0000000e+00   0.0000000e+00   0.0000000e+00   0.0000000e+00
   1.1435089e+03   1.5479828e-05   3.6016717e-05   0.0000000e+00   0.0000000e+00   0.0000000e+00   0.0000000e+00
   1.2523947e+03   1.4663697e-05  -6.3233424e-06   0.0000000e+00   0.0000000e+00   0.0000000e+00   0.0000000e+00
   1.3570277e+03   1.3982836e-05  -3.4547741e-05   0.0000000e+00   0.0000000e+00   0.0000000e+00   0.0000000e+00
   1.4583675e+03   1.3401032e-05   2.7530615e-05   0.0000000e+00   0.0000000e+00   0.0000000e+00   0.0000000e+00
   1.5568166e+03   1.2895863e-05   1.8875799e-05   0.0000000e+00   0.0000000e+00   0.0000000e+00   0.0000000e+00
   1.6526982e+03   1.2451498e-05  -3.7743812e-05   0.0000000e+00   0.0000000e+00   0.0000000e+00   0.0000000e+00
   1.7462773e+03   1.2056378e-05   1.9690426e-05   0.0000000e+00   0.0000000e+00   0.0000000e+00   0.0000000e+00
   1.8377741e+03   1.1701834e-05   4.7276611e-05   0.0000000e+00   0.0000000e+00   0.0000000e+00   0.0000000e+00
   1.9273743e+03   1.1381211e-05   1.6240162e-05   0.0000000e+00   0.0000000e+00   0.0000000e+00   0.0000000e+00
   2.0152364e+03   1.1089306e-05   9.1634456e-06   0.0000000e+00   0.0000000e+00   0.0000000e+00   0.0000000e+00
   2.1013487e+03   1.0822445e-05  -9.6726965e-06   0.0000000e+00   0.0000000e+00   0.0000000e+00   0.0000000e+00
   2.1859970e+03   1.0576745e-05   2.3764281e-05   0.0000000e+00   0.0000000e+00   0.0000000e+00   0.0000000e+00
   2.2692823e+03   1.0349480e-05   5.4976678e-05   0.0000000e+00   0.0000000e+00   0.0000000e+00   0.0000000e+00
   2.3512941e+03   1.0138399e-05   3.2820317e-05   0.0000000e+00   0.0000000e+00   0.0000000e+00   0.0000000e+00
   2.4321117e+03   9.9416224e-06   3.7645638e-05   0.0000000e+00   0.0000000e+00   0.0000000e+00   0.0000000e+00
   2.5118066e+03   9.7575645e-06   7.5997569e-05   0.0000000e+00   0.0000000e+00   0.0000000e+00   0.0000000e+00
   2.5904428e+03   9.5848792e-06   8.3153706e-05   0.0000000e+00   0.0000000e+00   0.0000000e+00   0.0000000e+00
   2.6680782e+03   9.4224131e-06   1.0331088e-04   0.0000000e+00   0.0000000e+00   0.0000000e+00   0.0000000e+00
   2.7446754e+03   9.2693551e-06   1.4915021e-04   0.0000000e+00   0.0000000e+00   0.0000000e+00   0.0000000e+00
   2.8203802e+03   9.1246404e-06   8.5744593e-05   0.0000000e+00   0.0000000e+00   0.0000000e+00   0.0000000e+00
   2.8952356e+03   8.9875186e-06   9.7935440e-06   0.0000000e+00   0.0000000e+00   0.0000000e+00   0.0000000e+00
   2.9692810e+03   8.8573312e-06   7.4937183e-05   0.0000000e+00   0.0000000e+00   0.0000000e+00   0.0000000e+00
   3.0425527e+03   8.7334982e-06   1.8872618e-04   0.0000000e+00   0.0000000e+00   0.0000000e+00   0.0000000e+00
   3.1150842e+03   8.6155058e-06   1.1959226e-04   0.0000000e+00   0.0000000e+00   0.0000000e+00   0.0000000e+00
   3.1869067e+03   8.5028973e-06   1.4816252e-05   0.0000000e+00   0.0000000e+00   0.0000000e+00   0.0000000e+00
   3.2580489e+03   8.3952651e-06   2.4305099e-05   0.0000000e+00   0.0000000e+00   0.0000000e+00   0.0000000e+00
   3.3284750e+03   8.2923368e-06   1.0829854e-04   0.0000000e+00   0.0000000e+00   0.0000000e+00   0.0000000e+00
   3.3982769e+03   8.1936837e-06   8.9173170e-05   0.0000000e+00   0.0000000e+00   0.0000000e+00   0.0000000e+00
   3.4674779e+03   8.0990101e-06   1.6703708e-04   0.0000000e+00   0.0000000e+00   0.0000000e+00   0.0000000e+00
   3.5360994e+03   8.0080485e-06   3.4685684e-04   0.0000000e+00   0.0000000e+00   0.0000000e+00   0.0000000e+00
   3.6041616e+03   7.9205563e-06   1.0546320e-03   0.0000000e+00   0.0000000e+00   0.0000000e+00   0.0000000e+00
   3.6716838e+03   7.8363127e-06   2.2383570e-03   0.0000000e+00   0.0000000e+00   0.0000000e+00   0.0000000e+00
   3.7386837e+03   7.7551163e-06   3.3187940e-03   0.0000000e+00   0.0000000e+00   0.0000000e+00   0.0000000e+00
   3.8051782e+03   7.6767830e-06   9.3817125e-03   0.0000000e+00   0.0000000e+00   0.0000000e+00   0.0000000e+00
   3.8711361e+03   7.6011990e-06   1.3372943e-02   0.0000000e+00   0.0000000e+00   0.0000000e+00   0.0000000e+00
   3.9366223e+03   7.5281507e-06  -3.8369370e-03   0.0000000e+00   0.0000000e+00   0.0000000e+00   0.0000000e+00
   4.0016511e+03   7.4574959e-06  -1.4117581e-02   0.0000000e+00   0.0000000e+00   0.0000000e+00   0.0000000e+00
   4.0662357e+03   7.3891032e-06  -7.4732356e-03   0.0000000e+00   0.0000000e+00   0.0000000e+00   0.0000000e+00
   4.1303890e+03   7.3228511e-06  -3.1889115e-03   0.0000000e+00   0.0000000e+00   0.0000000e+00   0.0000000e+00
   4.1941229e+03   7.2586275e-06  -3.5616317e-03   0.0000000e+00   0.0000000e+00   0.0000000e+00   0.0000000e+00
   4.2574492e+03   7.1963281e-06  -6.4428677e-03   0.0000000e+00   0.0000000e+00   0.0000000e+00   0.0000000e+00
   4.3203787e+03   7.1358562e-06  -1.7577997e-02   0.0000000e+00   0.0000000e+00   0.0000000e+00   0.0000000e+00
   4.3828842e+03   7.0771574e-06  -2.5261099e-02   0.0000000e+00   0.0000000e+00   0.0000000e+00   0.0000000e+00
   4.4450151e+03   7.0201105e-06   9.3098316e-03   0.0000000e+00   0.0000000e+00   0.0000000e+00   0.0000000e+00
   4.5067808e+03   6.9646372e-06   2.4806919e-02   0.0000000e+00   0.0000000e+00   0.0000000e+00   0.0000000e+00
   4.5681905e+03   6.9106647e-06   9.5676893e-03   0.0000000e+00   0.0000000e+00   0.0000000e+00   0.0000000e+00
   4.6292526e+03   6.8581246e-06   3.2051912e-03   0.0000000e+00   0.0000000e+00   0.0000000e+00   0.0000000e+00
   4.6899754e+03   6.8069530e-06   1.7465519e-03   0.0000000e+00   0.0000000e+00   0.0000000e+00   0.0000000e+00
   4.7503671e+03   6.7570899e-06   1.0448106e-03   0.0000000e+00   0.0000000e+00   0.0000000e+00   0.0000000e+00
   4.8104352e+03   6.7084791e-06   6.8779405e-04   0.0000000e+00   0.0000000e+00   0.0000000e+00   0.0000000e+00
   4.8701560e+03   6.6610922e-06   7.6816587e-04   0.0000000e+00   0.0000000e+00   0.0000000e+00   0.0000000e+00
   4.9295686e+03   6.6148537e-06   1.1291628e-03   0.0000000e+00   0.0000000e+00   0.0000000e+00   0.0000000e+00
   4.9886800e+03   6.5697166e-06   2.0250164e-03   0.0000000e+00   0.0000000e+00   0.0000000e+00   0.0000000e+00
   5.0474965e+03   6.5256367e-06   2.7571232e-03   0.0000000e+00   0.0000000e+00   0.0000000e+00   0.0000000e+00
   5.1060242e+03   6.4825723e-06   2.9548877e-03   0.0000000e+00   0.0000000e+00   0.0000000e+00   0.0000000e+00
   5.1642692e+03   6.4404839e-06   4.6086656e-03   0.0000000e+00   0.0000000e+00   0.0000000e+00   0.0000000e+00
   5.2222372e+03   6.3993343e-06   6.9432891e-03   0.0000000e+00   0.0000000e+00   0.0000000e+00   0.0000000e+00
   5.2799340e+03   6.3590880e-06   5.7820548e-03   0.0000000e+00   0.0000000e+00   0.0000000e+00   0.0000000e+00
   5.3373385e+03   6.3197296e-06  -3.9097711e-04   0.0000000e+00   0.0000000e+00   0.0000000e+00   0.0000000e+00
   5.3944833e+03   6.2812088e-06  -7.3115740e-03   0.0000000e+00   0.0000000e+00   0.0000000e+00   0.0000000e+00
   5.4513730e+03   6.2434954e-06  -6.2883477e-03   0.0000000e+00   0.0000000e+00   0.0000000e+00   0.0000000e+00
   5.5080127e+03   6.2065607e-06  -4.6655472e-03   0.0000000e+00   0.0000000e+00   0.0000000e+00   0.0000000e+00
   5.5644068e+03   6.1703778e-06  -3.8891130e-03   0.0000000e+00   0.0000000e+00   0.0000000e+00   0.0000000e+00
   5.6205600e+03   6.1349206e-06  -3.6162916e-03   0.0000000e+00   0.0000000e+00   0.0000000e+00   0.0000000e+00
   5.6764765e+03   6.1001646e-06  -7.3052297e-03   0.0000000e+00   0.0000000e+00   0.0000000e+00   0.0000000e+00
   5.7321606e+03   6.0660865e-06  -4.8245892e-02   0.0000000e+00   0.0000000e+00   0.0000000e+00   0.0000000e+00
   5.7875940e+03   6.0326773e-06  -2.9818601e-02   0.0000000e+00   0.0000000e+00   0.0000000e+00   0.0000000e+00
   5.8428038e+03   5.9999018e-06   5.1580158e-02   0.0000000e+00   0.0000000e+00   0.0000000e+00   0.0000000e+00
   5.8977938e+03   5.9677396e-06   2.4918864e-02   0.0000000e+00   0.0000000e+00   0.0000000e+00   0.0000000e+00
   5.9525675e+03   5.9361714e-06   2.0953274e-03   0.0000000e+00   0.0000000e+00   0.0000000e+00   0.0000000e+00
   6.0071288e+03   5.9051784e-06   2.1418791e-03   0.0000000e+00   0.0000000e+00   0.0000000e+00   0.0000000e+00
   6.0614812e+03   5.8747431e-06   8.5327701e-04   0.0000000e+00   0.0000000e+00   0.0000000e+00   0.0000000e+00
   6.1156278e+03   5.8448484e-06   6.5630545e-04   0.0000000e+00   0.0000000e+00   0.0000000e+00   0.0000000e+00
   6.1695721e+03   5.8154781e-06   7.2178389e-04   0.0000000e+00   0.0000000e+00   0.0000000e+00   0.0000000e+00
   6.2232976e+03   5.7866272e-06   6.4226508e-04   0.0000000e+00   0.0000000e+00   0.0000000e+00   0.0000000e+00
   6.2768277e+03   5.7582699e-06   4.0387610e-04   0.0000000e+00   0.0000000e+00   0.0000000e+00   0.0000000e+00
   6.3301654e+03   5.7303917e-06   6.8041423e-04   0.0000000e+00   0.0000000e+00   0.0000000e+00   0.0000000e+00
   6.3833136e+03   5.7029792e-06   5.6586992e-04   0.0000000e+00   0.0000000e+00   0.0000000e+00   0.0000000e+00
   6.4362750e+03   5.6760191e-06   2.7918751e-04   0.0000000e+00   0.0000000e+00   0.0000000e+00   0.0000000e+00
   6.4890526e+03   5.6494986e-06   5.5437061e-04   0.0000000e+00   0.0000000e+00   0.0000000e+00   0.0000000e+00
   6.5416491e+03   5.6234057e-06   2.3293351e-04   0.0000000e+00   0.0000000e+00   0.0000000e+00   0.0000000e+00
   6.5940670e+03   5.5977287e-06  -5.8917446e-05   0.0000000e+00   0.0000000e+00   0.0000000e+00   0.0000000e+00
   6.6462916e+03   5.5724649e-06   3.0555576e-04   0.0000000e+00   0.0000000e+00   0.0000000e+00   0.0000000e+00
   6.6983432e+03   5.5475946e-06   3.6897691e-04   0.0000000e+00   0.0000000e+00   0.0000000e+00   0.0000000e+00
   6.7502243e+03   5.5231075e-06   9.5726325e-06   0.0000000e+00   0.0000000e+00   0.0000000e+00   0.0000000e+00
   6.8019371e+03   5.4989938e-06   2.0525838e-04   0.0000000e+00   0.0000000e+00   0.0000000e+00   0.0000000e+00
   6.8534840e+03   5.4752434e-06   2.2296912e-04   0.0000000e+00   0.0000000e+00   0.0000000e+00   0.0000000e+00
   6.9048673e+03   5.4518474e-06   3.1533736e-05   0.0000000e+00   0.0000000e+00   0.0000000e+00   0.0000000e+00
   6.9560892e+03   5.4287966e-06   2.3561606e-05   0.0000000e+00   0.0000000e+00   0.0000000e+00   0.0000000e+00
   7.0071518e+03   5.4060826e-06  -1.5170017e-05   0.0000000e+00   0.0000000e+00   0.0000000e+00   0.0000000e+00
   7.0580418e+03   5.3837037e-06  -1.0300699e-04   0.0000000e+00   0.0000000e+00   0.0000000e+00   0.0000000e+00
   7.1087770e+03   5.3616449e-06   3.5116724e-05   0.0000000e+00   0.0000000e+00   0.0000000e+00   0.0000000e+00
   7.1593594e+03   5.3398984e-06  -2.4603027e-04   0.0000000e+00   0.0000000e+00   0.0000000e+00   0.0000000e+00
   7.2097911e+03   5.3184569e-06  -2.6106669e-04   0.0000000e+00   0.0000000e+00   0.0000000e+00   0.0000000e+00
   7.2600739e+03   5.2973127e-06  -7.1562746e-06   0.0000000e+00   0.0000000e+00   0.0000000e+00   0.0000000e+00
   7.3102097e+03   5.2764592e-06  -1.0001614e-05   0.0000000e+00   0.0000000e+00   0.0000000e+00   0.0000000e+00
   7.3602003e+03   5.2558894e-06  -4.0590890e-04   0.0000000e+00   0.0000000e+00   0.0000000e+00   0.0000000e+00
   7.4100475e+03   5.2355969e-06  -3.9402079e-04   0.0000000e+00   0.0000000e+00   0.0000000e+00   0.0000000e+00
   7.4597390e+03   5.2155810e-06   2.4184152e-04   0.0000000e+00   0.0000000e+00   0.0000000e+00   0.0000000e+00
   7.5092909e+03   5.1958296e-06  -3.3960579e-05   0.0000000e+00   0.0000000e+00   0.0000000e+00   0.0000000e+00
   7.5587048e+03   5.1763369e-06  -4.6214552e-04   0.0000000e+00   0.0000000e+00   0.0000000e+00   0.0000000e+00
   7.6079824e+03   5.1570972e-06  -2.9486924e-04   0.0000000e+00   0.0000000e+00   0.0000000e+00   0.0000000e+00
   7.6571253e+03   5.1381047e-06  -2.4509105e-04   0.0000000e+00   0.0000000e+00   0.0000000e+00   0.0000000e+00
   7.7061351e+03   5.1193542e-06  -2.4295413e-04   0.0000000e+00   0.0000000e+00   0.0000000e+00   0.0000000e+00
   7.7550131e+03   5.1008404e-06  -1.4739773e-04   0.0000000e+00   0.0000000e+00   0.0000000e+00   0.0000000e+00
   7.8037611e+03   5.0825583e-06  -2.0868190e-04   0.0000000e+00   0.0000000e+00   0.0000000e+00   0.0000000e+00
   7.8523676e+03   5.0645075e-06  -3.7292817e-04   0.0000000e+00   0.0000000e+00   0.0000000e+00   0.0000000e+00
   7.9008472e+03   5.0466787e-06  -2.1695182e-04   0.0000000e+00   0.0000000e+00   0.0000000e+00   0.0000000e+00
   7.9492013e+03   5.0290670e-06  -3.0443641e-04   0.0000000e+00   0.0000000e+00   0.0000000e+00   0.0000000e+00
   7.9974312e+03   5.0116680e-06  -2.4817621e-04   0.0000000e+00   0.0000000e+00   0.0000000e+00   0.0000000e+00
   8.0455384e+03   4.9944773e-06  -2.3364204e-04   0.0000000e+00   0.0000000e+00   0.0000000e+00   0.0000000e+00
   8.0935240e+03   4.9774907e-06  -4.4961143e-04   0.0000000e+00   0.0000000e+00   0.0000000e+00   0.0000000e+00
   8.1413895e+03   4.9607042e-06  -3.8692187e-04   0.0000000e+00   0.0000000e+00   0.0000000e+00   0.0000000e+00
   8.1891360e+03   4.9441136e-06  -3.1721157e-04   0.0000000e+00   0.0000000e+00   0.0000000e+00   0.0000000e+00
   8.2367534e+03   4.9277191e-06  -3.8530039e-04   0.0000000e+00   0.0000000e+00   0.0000000e+00   0.0000000e+00
   8.2842545e+03   4.9115127e-06  -4.7791619e-04   0.0000000e+00   0.0000000e+00   0.0000000e+00   0.0000000e+00
   8.3316406e+03   4.8954910e-06  -3.6370043e-04   0.0000000e+00   0.0000000e+00   0.0000000e+00   0.0000000e+00
   8.3789130e+03   4.8796503e-06  -5.4580582e-04   0.0000000e+00   0.0000000e+00   0.0000000e+00   0.0000000e+00
   8.4260727e+03   4.8639870e-06  -3.1870293e-04   0.0000000e+00   0.0000000e+00   0.0000000e+00   0.0000000e+00
   8.4731210e+03   4.8484979e-06  -2.3700822e-04   0.0000000e+00   0.0000000e+00   0.0000000e+00   0.0000000e+00
   8.5200589e+03   4.8331795e-06  -4.1478522e-04   0.0000000e+00   0.0000000e+00   0.0000000e+00   0.0000000e+00
   8.5668876e+03   4.8180288e-06  -3.3703825e-04   0.0000000e+00   0.0000000e+00   0.0000000e+00   0.0000000e+00
   8.6135974e+03   4.8030461e-06  -4.8374229e-04   0.0000000e+00   0.0000000e+00   0.0000000e+00   0.0000000e+00
   8.6602003e+03   4.7882247e-06  -2.1126983e-04   0.0000000e+00   0.0000000e+00   0.0000000e+00   0.0000000e+00
   8.7066972e+03   4.7735618e-06  -2.4297818e-05   0.0000000e+00   0.0000000e+00   0.0000000e+00   0.0000000e+00
   8.7530894e+03   4.7590544e-06  -1.9777569e-04   0.0000000e+00   0.0000000e+00   0.0000000e+00   0.0000000e+00
   8.7993776e+03   4.7446998e-06  -4.2840379e-04   0.0000000e+00   0.0000000e+00   0.0000000e+00   0.0000000e+00
   8.8455630e+03   4.7304952e-06  -4.9408868e-04   0.0000000e+00   0.0000000e+00   0.0000000e+00   0.0000000e+00
   8.8916466e+03   4.7164380e-06  -3.6009257e-04   0.0000000e+00   0.0000000e+00   0.0000000e+00   0.0000000e+00
   8.9376292e+03   4.7025254e-06   4.7973888e-05   0.0000000e+00   0.0000000e+00   0.0000000e+00   0.0000000e+00
   8.9835019e+03   4.6887581e-06  -1.0876714e-04   0.0000000e+00   0.0000000e+00   0.0000000e+00   0.0000000e+00
   9.0292758e+03   4.6751305e-06  -2.4669712e-04   0.0000000e+00   0.0000000e+00   0.0000000e+00   0.0000000e+00
   9.0749516e+03   4.6616401e-06  -1.1912936e-04   0.0000000e+00   0.0000000e+00   0.0000000e+00   0.0000000e+00
   9.1205304e+03   4.6482847e-06  -1.3141968e-04   0.0000000e+00   0.0000000e+00   0.0000000e+00   0.0000000e+00
   9.1660129e+03   4.6350620e-06  -6.9190232e-05   0.0000000e+00   0.0000000e+00   0.0000000e+00   0.0000000e+00
   9.2114001e+03   4.6219695e-06  -1.3539171e-05   0.0000000e+00   0.0000000e+00   0.0000000e+00   0.0000000e+00
   9.2566929e+03   4.6090052e-06   3.4880264e-05   0.0000000e+00   0.0000000e+00   0.0000000e+00   0.0000000e+00
   9.3018919e+03   4.5961669e-06   2.7751968e-04   0.0000000e+00   0.0000000e+00   0.0000000e+00   0.0000000e+00
   9.3469889e+03   4.5834553e-06   2.2772628e-04   0.0000000e+00   0.0000000e+00   0.0000000e+00   0.0000000e+00
   9.3919941e+03   4.5708655e-06   8.2008434e-05   0.0000000e+00   0.0000000e+00   0.0000000e+00   0.0000000e+00
   9.4369081e+03   4.5583957e-06  -1.5068908e-05   0.0000000e+00   0.0000000e+00   0.0000000e+00   0.0000000e+00
   9.4817320e+03   4.5460438e-06   1.7005866e-04   0.0000000e+00   0.0000000e+00   0.0000000e+00   0.0000000e+00
   9.5264663e+03   4.5338079e-06   4.8555245e-04   0.0000000e+00   0.0000000e+00   0.0000000e+00   0.0000000e+00
   9.5711118e+03   4.5216863e-06   7.6575557e-04   0.0000000e+00   0.0000000e+00   0.0000000e+00   0.0000000e+00
   9.6156693e+03   4.5096771e-06   2.0437520e-04   0.0000000e+00   0.0000000e+00   0.0000000e+00   0.0000000e+00
   9.6601395e+03   4.4977784e-06   6.6456678e-05   0.0000000e+00   0.0000000e+00   0.0000000e+00   0.0000000e+00
   9.7045147e+03   4.4859908e-06   6.2715511e-04   0.0000000e+00   0.0000000e+00   0.0000000e+00   0.0000000e+00
   9.7488041e+03   4.4743105e-06   6.9348383e-04   0.0000000e+00   0.0000000e+00   0.0000000e+00   0.0000000e+00
   9.7930086e+03   4.4627356e-06   5.8307863e-04   0.0000000e+00   0.0000000e+00   0.0000000e+00   0.0000000e+00
   9.8371288e+03   4.4512647e-06   4.4205175e-04   0.0000000e+00   0.0000000e+00   0.0000000e+00   0.0000000e+00
   9.8811654e+03   4.4398960e-06   2.9425545e-04   0.0000000e+00   0.0000000e+00   0.0000000e+00   0.0000000e+00
   9.9251190e+03   4.4286279e-06   3.8032943e-04   0.0000000e+00   0.0000000e+00   0.0000000e+00   0.0000000e+00
   9.9689904e+03   4.4174592e-06   6.8314460e-04   0.0000000e+00   0.0000000e+00   0.0000000e+00   0.0000000e+00
   1.0012780e+04   4.4063880e-06   5.9142478e-04   0.0000000e+00   0.0000000e+00   0.0000000e+00   0.0000000e+00
   1.0056482e+04   4.3954151e-06   5.8644583e-04   0.0000000e+00   0.0000000e+00   0.0000000e+00   0.0000000e+00
   1.0100102e+04   4.3845370e-06   5.4604643e-04   0.0000000e+00   0.0000000e+00   0.0000000e+00   0.0000000e+00
   1.0143643e+04   4.3737523e-06   1.0460336e-04   0.0000000e+00   0.0000000e+00   0.0000000e+00   0.0000000e+00
   1.0187105e+04   4.3630598e-06   5.5606723e-04   0.0000000e+00   0.0000000e+00   0.0000000e+00   0.0000000e+00
   1.0230488e+04   4.3524579e-06   3.8565929e-04   0.0000000e+00   0.0000000e+00   0.0000000e+00   0.0000000e+00
   1.0273795e+04   4.3419453e-06   3.3203315e-04   0.0000000e+00   0.0000000e+00   0.0000000e+00   0.0000000e+00
   1.0317024e+04   4.3315209e-06   7.0669031e-04   0.0000000e+00   0.0000000e+00   0.0000000e+00   0.0000000e+00
   1.0360176e+04   4.3211833e-06   4.5955644e-04   0.0000000e+00   0.0000000e+00   0.0000000e+00   0.0000000e+00
   1.0403245e+04   4.3109332e-06   1.8767446e-04   0.0000000e+00   0.0000000e+00   0.0000000e+00   0.0000000e+00
   1.0446237e+04   4.3007674e-06   2.2748424e-04   0.0000000e+00   0.0000000e+00   0.0000000e+00   0.0000000e+00
   1.0489156e+04   4.2906847e-06   4.7259502e-05   0.0000000e+00   0.0000000e+00   0.0000000e+00   0.0000000e+00
   1.0532001e+04   4.2806843e-06   3.6934037e-06   0.0000000e+00   0.0000000e+00   0.0000000e+00   0.0000000e+00
   1.0574772e+04   4.2707645e-06   2.7427639e-06   0.0000000e+00   0.0000000e+00   0.0000000e+00   0.0000000e+00
   1.0617469e+04   4.2609246e-06   5.7743493e-05   0.0000000e+00   0.0000000e+00   0.0000000e+00   0.0000000e+00
   1.0660094e+04   4.2511636e-06   2.7111890e-04   0.0000000e+00   0.0000000e+00   0.0000000e+00   0.0000000e+00
   1.0702648e+04   4.2414799e-06   2.0177329e-04   0.0000000e+00   0.0000000e+00   0.0000000e+00   0.0000000e+00
   1.0745122e+04   4.2318745e-06   1.2009753e-05   0.0000000e+00   0.0000000e+00   0.0000000e+00   0.0000000e+00
   1.0787526e+04   4.2223446e-06   1.2084807e-05   0.0000000e+00   0.0000000e+00   0.0000000e+00   0.0000000e+00
   1.0829859e+04   4.2128891e-06   3.2508169e-06   0.0000000e+00   0.0000000e+00   0.0000000e+00   0.0000000e+00
   1.0872122e+04   4.2035073e-06  -1.3938153e-04   0.0000000e+00   0.0000000e+00   0.0000000e+00   0.0000000e+00
   1.0914316e+04   4.1941979e-06  -1.2888922e-04   0.0000000e+00   0.0000000e+00   0.0000000e+00   0.0000000e+00
   1.0956441e+04   4.1849601e-06   1.0988891e-04   0.0000000e+00   0.0000000e+00   0.0000000e+00   0.0000000e+00
   1.0998497e+04   4.1757932e-06   1.8258293e-04   0.0000000e+00   0.0000000e+00   0.0000000e+00   0.0000000e+00
   1.1040485e+04   4.1666956e-06   1.6571475e-04   0.0000000e+00   0.0000000e+00   0.0000000e+00   0.0000000e+00
   1.1082399e+04   4.1576684e-06  -4.3893967e-04   0.0000000e+00   0.0000000e+00   0.0000000e+00   0.0000000e+00
   1.1124247e+04   4.1487091e-06  -1.4793556e-04   0.0000000e+00   0.0000000e+00   0.0000000e+00   0.0000000e+00
   1.1166028e+04   4.1398169e-06   2.4474862e-04   0.0000000e+00   0.0000000e+00   0.0000000e+00   0.0000000e+00
   1.1207742e+04   4.1309908e-06  -1.7265302e-04   0.0000000e+00   0.0000000e+00   0.0000000e+00   0.0000000e+00
   1.1249391e+04   4.1222300e-06  -6.0370297e-04   0.0000000e+00   0.0000000e+00   0.0000000e+00   0.0000000e+00
   1.1290976e+04   4.1135340e-06  -2.1030749e-04   0.0000000e+00   0.0000000e+00   0.0000000e+00   0.0000000e+00
   1.1332494e+04   4.1049014e-06  -1.2317808e-04   0.0000000e+00   0.0000000e+00   0.0000000e+00   0.0000000e+00
   1.1373949e+04   4.0963317e-06  -4.3855759e-05   0.0000000e+00   0.0000000e+00   0.0000000e+00   0.0000000e+00
   1.1415334e+04   4.0878255e-06  -3.8234080e-05   0.0000000e+00   0.0000000e+00   0.0000000e+00   0.0000000e+00
   1.1456655e+04   4.0793807e-06  -1.1920306e-04   0.0000000e+00   0.0000000e+00   0.0000000e+00   0.0000000e+00
   1.1497913e+04   4.0709965e-06  -1.4043675e-04   0.0000000e+00   0.0000000e+00   0.0000000e+00   0.0000000e+00
   1.1539109e+04   4.0626723e-06  -1.3074300e-04   0.0000000e+00   0.0000000e+00   0.0000000e+00   0.0000000e+00
   1.1580242e+04   4.0544070e-06  -2.1379870e-04   0.0000000e+00   0.0000000e+00   0.0000000e+00   0.0000000e+00
   1.1621314e+04   4.0462002e-06  -6.8442337e-06   0.0000000e+00   0.0000000e+00   0.0000000e+00   0.0000000e+00
   1.1662324e+04   4.0380509e-06  -2.1105073e-04   0.0000000e+00   0.0000000e+00   0.0000000e+00   0.0000000e+00
   1.1703273e+04   4.0299587e-06  -6.3940855e-04   0.0000000e+00   0.0000000e+00   0.0000000e+00   0.0000000e+00
   1.1744156e+04   4.0219243e-06  -2.5543529e-04   0.0000000e+00   0.0000000e+00   0.0000000e+00   0.0000000e+00
   1.1784979e+04   4.0139448e-06  -3.4900895e-04   0.0000000e+00   0.0000000e+00   0.0000000e+00   0.0000000e+00
   1.1825742e+04   4.0060211e-06  -2.1390080e-04   0.0000000e+00   0.0000000e+00   0.0000000e+00   0.0000000e+00
   1.1866446e+04   3.9981513e-06   9.2002033e-05   0.0000000e+00   0.0000000e+00   0.0000000e+00   0.0000000e+00
   1.1907090e+04   3.9903355e-06  -3.2051119e-05   0.0000000e+00   0.0000000e+00   0.0000000e+00   0.0000000e+00
   1.1947676e+04   3.9825727e-06  -2.3677341e-04   0.0000000e+00   0.0000000e+00   0.0000000e+00   0.0000000e+00
   1.1988203e+04   3.9748620e-06  -4.0481200e-04   0.0000000e+00   0.0000000e+00   0.0000000e+00   0.0000000e+00
   1.2028673e+04   3.9672035e-06  -3.1698363e-04   0.0000000e+00   0.0000000e+00   0.0000000e+00   0.0000000e+00
   1.2069080e+04   3.9595973e-06  -1.9556696e-04   0.0000000e+00   0.0000000e+00   0.0000000e+00   0.0000000e+00
   1.2109429e+04   3.9520415e-06  -3.1052994e-04   0.0000000e+00   0.0000000e+00   0.0000000e+00   0.0000000e+00
   1.2149721e+04   3.9445363e-06  -3.1324372e-04   0.0000000e+00   0.0000000e+00   0.0000000e+00   0.0000000e+00
   1.2189957e+04   3.9370803e-06  -2.8349323e-04   0.0000000e+00   0.0000000e+00   0.0000000e+00   0.0000000e+00
   1.2230136e+04   3.9296732e-06  -6.8150591e-05   0.0000000e+00   0.0000000e+00   0.0000000e+00   0.0000000e+00
   1.2270260e+04   3.9223146e-06  -1.1014748e-04   0.0000000e+00   0.0000000e+00   0.0000000e+00   0.0000000e+00
   1.2310329e+04   3.9150039e-06  -4.7303401e-04   0.0000000e+00   0.0000000e+00   0.0000000e+00   0.0000000e+00
   1.2350342e+04   3.9077407e-06  -3.4966896e-04   0.0000000e+00   0.0000000e+00   0.0000000e+00   0.0000000e+00
   1.2390295e+04   3.9005250e-06  -3.2356102e-06   0.0000000e+00   0.0000000e+00   0.0000000e+00   0.0000000e+00
   1.2430194e+04   3.8933560e-06   1.3265174e-04   0.0000000e+00   0.0000000e+00   0.0000000e+00   0.0000000e+00
   1.2470039e+04   3.8862324e-06   1.7244716e-04   0.0000000e+00   0.0000000e+00   0.0000000e+00   0.0000000e+00
   1.2509829e+04   3.8791543e-06   2.1993859e-04   0.0000000e+00   0.0000000e+00   0.0000000e+00   0.0000000e+00
   1.2549566e+04   3.8721207e-06   3.0062239e-04   0.0000000e+00   0.0000000e+00   0.0000000e+00   0.0000000e+00
   1.2589250e+04   3.8651319e-06   1.4709873e-04   0.0000000e+00   0.0000000e+00   0.0000000e+00   0.0000000e+00
   1.2628882e+04   3.8581866e-06   3.5087728e-04   0.0000000e+00   0.0000000e+00   0.0000000e+00   0.0000000e+00
   1.2668460e+04   3.8512849e-06   2.5963795e-04   0.0000000e+00   0.0000000e+00   0.0000000e+00   0.0000000e+00
   1.2707981e+04   3.8444266e-06  -2.3032146e-05   0.0000000e+00   0.0000000e+00   0.0000000e+00   0.0000000e+00
   1.2747450e+04   3.8376112e-06   9.0636507e-05   0.0000000e+00   0.0000000e+00   0.0000000e+00   0.0000000e+00
   1.2786867e+04   3.8308376e-06   2.9150542e-04   0.0000000e+00   0.0000000e+00   0.0000000e+00   0.0000000e+00
   1.2826234e+04   3.8241054e-06   3.4382870e-04   0.0000000e+00   0.0000000e+00   0.0000000e+00   0.0000000e+00
   1.2865549e+04   3.8174144e-06   1.7950728e-04   0.0000000e+00   0.0000000e+00   0.0000000e+00   0.0000000e+00
   1.2904813e+04   3.8107641e-06   4.5400033e-04   0.0000000e+00   0.0000000e+00   0.0000000e+00   0.0000000e+00
   1.2944026e+04   3.8041544e-06   6.5482372e-04   0.0000000e+00   0.0000000e+00   0.0000000e+00   0.0000000e+00
   1.2983190e+04   3.7975840e-06   2.7150757e-04   0.0000000e+00   0.0000000e+00   0.0000000e+00   0.0000000e+00
   1.3022298e+04   3.7910543e-06   1.3165291e-05   0.0000000e+00   0.0000000e+00   0.0000000e+00   0.0000000e+00
   1.3061357e+04   3.7845633e-06   1.7909538e-04   0.0000000e+00   0.0000000e+00   0.0000000e+00   0.0000000e+00
   1.3100366e+04   3.7781114e-06   5.9516576e-04   0.0000000e+00   0.0000000e+00   0.0000000e+00   0.0000000e+00
   1.3139327e+04   3.7716973e-06   5.2768011e-04   0.0000000e+00   0.0000000e+00   0.0000000e+00   0.0000000e+00
   1.3178239e+04   3.7653211e-06   3.5256692e-04   0.0000000e+00   0.0000000e+00   0.0000000e+00   0.0000000e+00
   1.3217102e+04   3.7589823e-06   7.4251213e-04   0.0000000e+00   0.0000000e+00   0.0000000e+00   0.0000000e+00
   1.3255916e+04   3.7526810e-06   5.3758204e-04   0.0000000e+00   0.0000000e+00   0.0000000e+00   0.0000000e+00
   1.3294683e+04   3.7464160e-06   7.0202539e-05   0.0000000e+00   0.0000000e+00   0.0000000e+00   0.0000000e+00
   1.3333397e+04   3.7401882e-06   2.5671758e-04   0.0000000e+00   0.0000000e+00   0.0000000e+00   0.0000000e+00
   1.3372063e+04   3.7339969e-06   4.2202212e-04   0.0000000e+00   0.0000000e+00   0.0000000e+00   0.0000000e+00
   1.3410683e+04   3.7278405e-06   5.1058178e-04   0.0000000e+00   0.0000000e+00   0.0000000e+00   0.0000000e+00
   1.3449255e+04   3.7217198e-06   3.0227654e-04   0.0000000e+00   0.0000000e+00   0.0000000e+00   0.0000000e+00
   1.3487781e+04   3.7156342e-06   3.9941064e-05   0.0000000e+00   0.0000000e+00   0.0000000e+00   0.0000000e+00
   1.3526259e+04   3.7095823e-06  -1.1586982e-04   0.0000000e+00   0.0000000e+00   0.0000000e+00   0.0000000e+00
   1.3564693e+04   3.7035658e-06  -3.6709211e-04   0.0000000e+00   0.0000000e+00   0.0000000e+00   0.0000000e+00
   1.3603079e+04   3.6975826e-06  -1.4500623e-05   0.0000000e+00   0.0000000e+00   0.0000000e+00   0.0000000e+00
   1.3641415e+04   3.6916339e-06  -4.3060769e-05   0.0000000e+00   0.0000000e+00   0.0000000e+00   0.0000000e+00
   1.3679706e+04   3.6857182e-06  -1.0764063e-03   0.0000000e+00   0.0000000e+00   0.0000000e+00   0.0000000e+00
   1.3717951e+04   3.6798362e-06  -6.7880876e-04   0.0000000e+00   0.0000000e+00   0.0000000e+00   0.0000000e+00
   1.3756152e+04   3.6739863e-06  -3.0463114e-04   0.0000000e+00   0.0000000e+00   0.0000000e+00   0.0000000e+00
   1.3794308e+04   3.6681687e-06  -6.7795701e-04   0.0000000e+00   0.0000000e+00   0.0000000e+00   0.0000000e+00
   1.3832418e+04   3.6623832e-06  -5.6309520e-04   0.0000000e+00   0.0000000e+00   0.0000000e+00   0.0000000e+00
   1.3870484e+04   3.6566292e-06  -2.2635909e-04   0.0000000e+00   0.0000000e+00   0.0000000e+00   0.0000000e+00
   1.3908507e+04   3.6509072e-06  -5.6171863e-04   0.0000000e+00   0.0000000e+00   0.0000000e+00   0.0000000e+00
   1.3946481e+04   3.6452163e-06  -8.7479313e-04   0.0000000e+00   0.0000000e+00   0.0000000e+00   0.0000000e+00
